Training_loss: [0.36018637 0.32949626 0.32165205 0.31825522 0.31588009 0.31382239
 0.31141999 0.30866271 0.30515569 0.30169559 0.29821163 0.29236168
 0.27666464 0.26162082 0.24986309 0.23829438 0.22981749 0.22055875
 0.2154782  0.20812736 0.20096655 0.19570054 0.19002454 0.18636803
 0.1817975  0.17904362 0.17392345 0.17192696 0.16874738 0.16602224
 0.16356552 0.1604175  0.1573828  0.15637031 0.15578912 0.15177858
 0.14973857 0.14975432 0.14719389 0.14474599 0.14257568 0.14209744
 0.14000347 0.14068075 0.13854405 0.13704678 0.13550755 0.13511574
 0.13276166 0.13214996 0.13051555 0.13091677 0.13080198 0.12925416
 0.12655297 0.12657312 0.12574087 0.12492967 0.12407372 0.12415729
 0.12366489 0.12105939 0.12195656 0.12137074 0.12161469 0.11676101
 0.11639551 0.11645429 0.11638962]
Validation_loss: [0.31721234 0.30709666 0.30479109 0.30224845 0.30097386 0.29888675
 0.29626957 0.29253653 0.28956315 0.28489593 0.27794451 0.26620367
 0.27416131 0.26274616 0.24736443 0.21830584 0.22086501 0.20987114
 0.19494037 0.20195912 0.22694218 0.1897901  0.19107558 0.1846246
 0.18154523 0.17703117 0.16937646 0.17899942 0.1611238  0.16549458
 0.15328389 0.16981305 0.14525338 0.14009787 0.15154882 0.14411098
 0.14259359 0.13478246 0.14314683 0.1328173  0.13471833 0.12894157
 0.13513535 0.13729045 0.12547974 0.12996431 0.13143279 0.12422785
 0.12611352 0.12260516 0.12479226 0.12879083 0.12785371 0.12662224
 0.12782849 0.12028869 0.12136248 0.126499   0.11591657 0.12035614
 0.12575102 0.12352388 0.11962298 0.11942458 0.13598184 0.11868921
 0.11805696 0.12454077 0.13114491]
Test_loss: [0.17208377]
Epochs: [ 1.  2.  3.  4.  5.  6.  7.  8.  9. 10. 11. 12. 13. 14. 15. 16. 17. 18.
 19. 20. 21. 22. 23. 24. 25. 26. 27. 28. 29. 30. 31. 32. 33. 34. 35. 36.
 37. 38. 39. 40. 41. 42. 43. 44. 45. 46. 47. 48. 49. 50. 51. 52. 53. 54.
 55. 56. 57. 58. 59. 60. 61. 62. 63. 64. 65. 66. 67. 68. 69.]
Euclidean Distance: 84.82874298095703
DTW Distance: 0.10641414836169388
Pearson Correlation: 0.8704171974742276
Spearman Correlation: 0.8024797447655709
MSE: 0.029612822458148003
MAE: 0.10632352530956268
RMSE: 0.1720837652683258
NRMSE: 0.09551500529050827
NMAE: 0.05901481583714485
Parameters: {'subject': [10], 'action': 'sit', 'sequence_length': 1000, 'sequence_step_size': 100, 'subset': 1, 'd_model': 144, 'input_dim': 9, 'output_dim': 1, 'nhead': 6, 'num_layers': 4, 'batch_size': 16, 'dropout': 0.1, 'num_epochs': 300, 'learning_rate': 0.001, 'ppg_scaling_factor': 100}
General: {'model_name': 'finger_single_sit_imu', 'model_type': 'encoder', 'dataset': 'Finger', 'normalization': 'subject_wise', 'imu': True, 'train': True, 'eval': True, 'use_dataloader': True, 'train_shuffling': True, 'filter': 1, 'validation_set_subjects': 3, 'test_set_subjects': 3, 'random_seed': 17}
Output: {'model_family': 'finger_encoder_point2point_imu/', 'results': '../results/', 'checkpoints': '../models/checkpoints/', 'model_summary': '../models/model_summary/'}
