Training_loss: [0.39461496 0.33714771 0.32692879 0.32326043 0.32102498 0.31936544
 0.31811216 0.31688455 0.31579691 0.31448254 0.31292787 0.31055751
 0.30795133 0.30610541 0.30416891 0.30136654 0.29003292 0.26842734
 0.25717819 0.24651448 0.23683721 0.22837591 0.22091597 0.21576197
 0.20868061 0.20397407 0.19727796 0.19299106 0.18881437 0.1843641
 0.18099877 0.17765316 0.17455165 0.17123668 0.16999449 0.16717248
 0.16505441 0.16471311 0.16122042 0.15882505 0.15685876 0.15547138
 0.15544732 0.15371427 0.15248503 0.15111837 0.14946464 0.14779766
 0.14736769 0.14515208 0.14466788 0.14405182 0.14340533 0.14143768
 0.14042798 0.13903356 0.13848096 0.13838507 0.13832156 0.13642938
 0.13740808 0.13502668 0.13361029 0.13207129 0.13154715 0.13075517
 0.13078929 0.13019449 0.13072391 0.12978858 0.12876014 0.12929194
 0.1285772  0.1299929  0.12829085 0.12728798 0.12803736 0.12716039
 0.1270014  0.12605307 0.12645587 0.12588876 0.12659395 0.12565905
 0.12437744 0.12459697 0.12399699 0.12376548 0.12356351 0.12315869
 0.12353265 0.12139075 0.12101077 0.12123558 0.12087815]
Validation_loss: [0.3273468  0.30715734 0.30523062 0.30418932 0.30410787 0.30367678
 0.30268759 0.30139381 0.30037114 0.29897854 0.29666957 0.29383078
 0.29211017 0.29021597 0.28760886 0.27795082 0.23217161 0.21179174
 0.22612123 0.20788419 0.17828752 0.17109102 0.17155899 0.15734002
 0.14788827 0.14568804 0.16040045 0.13923965 0.1367583  0.1346947
 0.1349574  0.12593187 0.12255621 0.12697133 0.11752628 0.12573768
 0.11984426 0.11688957 0.11281869 0.11578602 0.11227144 0.11260127
 0.11628414 0.11125248 0.11366019 0.11397624 0.10813977 0.11524188
 0.10685861 0.11445955 0.13459867 0.10462233 0.10459825 0.1139392
 0.11563482 0.10106087 0.10485991 0.10317101 0.10796937 0.10267837
 0.10386783 0.1118712  0.10029994 0.10306887 0.10011312 0.09942079
 0.09913779 0.09677425 0.10439821 0.10156991 0.09569556 0.10592966
 0.09649701 0.10087874 0.09562017 0.09638703 0.09552435 0.09617178
 0.09857052 0.09726308 0.09294789 0.10478813 0.09582604 0.10669854
 0.09162837 0.09658927 0.09733835 0.09643433 0.09413091 0.09297092
 0.09893743 0.09169648 0.09288856 0.09360723 0.09443949]
Test_loss: [0.1119978]
Epochs: [ 1.  2.  3.  4.  5.  6.  7.  8.  9. 10. 11. 12. 13. 14. 15. 16. 17. 18.
 19. 20. 21. 22. 23. 24. 25. 26. 27. 28. 29. 30. 31. 32. 33. 34. 35. 36.
 37. 38. 39. 40. 41. 42. 43. 44. 45. 46. 47. 48. 49. 50. 51. 52. 53. 54.
 55. 56. 57. 58. 59. 60. 61. 62. 63. 64. 65. 66. 67. 68. 69. 70. 71. 72.
 73. 74. 75. 76. 77. 78. 79. 80. 81. 82. 83. 84. 85. 86. 87. 88. 89. 90.
 91. 92. 93. 94. 95.]
Euclidean Distance: 55.20754623413086
DTW Distance: 0.06291220643798164
Pearson Correlation: 0.9461160069694047
Spearman Correlation: 0.923537045465473
MSE: 0.012543505057692528
MAE: 0.06268152594566345
RMSE: 0.11199779063463211
NRMSE: 0.0621643140912056
NMAE: 0.03479134663939476
Parameters: {'subject': 'all', 'action': 'all', 'sequence_length': 1000, 'sequence_step_size': 100, 'subset': 1, 'd_model': 144, 'input_dim': 3, 'output_dim': 1, 'nhead': 6, 'num_layers': 4, 'batch_size': 16, 'dropout': 0.1, 'num_epochs': 300, 'learning_rate': 0.001, 'ppg_scaling_factor': 100}
General: {'model_name': 'finger_single_sit', 'model_type': 'encoder', 'dataset': 'Finger', 'normalization': 'subject_wise', 'imu': False, 'train': False, 'eval': True, 'use_dataloader': True, 'train_shuffling': True, 'filter': 1, 'validation_set_subjects': 1, 'test_set_subjects': 1, 'random_seed': 17}
Output: {'model_family': 'finger_encoder_point2point/', 'results': '../results/', 'checkpoints': '../models/checkpoints/', 'model_summary': '../models/model_summary/'}
