Training_loss: [0.31742364 0.28351095 0.27758268 0.27454057 0.27248558 0.27109399
 0.26989481 0.26893014 0.26816297 0.26735908 0.26672217 0.2659629
 0.26549977 0.2647624  0.2643725  0.26380199 0.26333037 0.26273134
 0.26236337 0.26200151 0.26177034 0.26129085 0.2609534  0.26070756
 0.26047921 0.26004305 0.25979877 0.25949439 0.25925851 0.2588852
 0.2584728  0.25818732 0.25767967 0.25722077 0.25677797 0.25629941
 0.25579011 0.25525868 0.25462821 0.25406298 0.25323018 0.25218889
 0.25108859 0.24996994 0.24859384 0.24633275 0.24344425 0.24060479
 0.23628892 0.2322723  0.22829801 0.22546081 0.22163084 0.21756956
 0.21358514 0.20857748 0.20431165 0.19964489 0.19582835 0.19101144
 0.18733487 0.18337707 0.17877936 0.17573886 0.17103429 0.16813944
 0.16468184 0.16190627 0.15930125 0.15641791 0.15451273 0.15154365
 0.14935049 0.14794451 0.14563128 0.14396794 0.14206372 0.13940315
 0.13785997 0.13650024 0.13478202 0.13350329 0.13192289 0.1304747
 0.12904552 0.12793255 0.12618995 0.12457516 0.12416912 0.12256901
 0.12183699 0.12007882 0.11880521 0.11748599 0.11639377 0.11593987
 0.11519047 0.11363205 0.112161   0.1117726  0.11054387 0.11037277
 0.10819019 0.10785905 0.10773715 0.10638642 0.10531746 0.10520171
 0.10443807 0.10366219 0.10181682 0.10193954 0.10041577 0.0999123
 0.09943019 0.09925938 0.09873483 0.09725682 0.09653967 0.09580658
 0.09484625 0.09467407 0.09406101 0.09362362 0.09308985 0.09316217
 0.09164343 0.08955879 0.08888117 0.08845335 0.08827762 0.08808836
 0.08774249 0.08733515 0.08732185 0.08619831 0.08600789 0.08588518
 0.08583008]
Validation_loss: [0.27151284 0.2675781  0.26639754 0.26507556 0.26442751 0.26406196
 0.26283181 0.26279595 0.26165453 0.2612364  0.26118881 0.26063061
 0.26013947 0.26003847 0.25945213 0.25968763 0.25922137 0.258818
 0.2589134  0.25780132 0.25818428 0.25757241 0.25774348 0.25761816
 0.25731871 0.25683001 0.25685602 0.25624543 0.25702098 0.25634837
 0.25640661 0.25577024 0.25614738 0.25620472 0.25587752 0.25569281
 0.25478458 0.25592273 0.25438923 0.25559387 0.25419965 0.25334075
 0.25233319 0.2520088  0.24891292 0.24841096 0.24716246 0.24348167
 0.23847653 0.23627138 0.23419257 0.23214087 0.22851674 0.22766033
 0.22297677 0.21995555 0.21668337 0.21409242 0.20818543 0.20739745
 0.20250478 0.20270844 0.19535835 0.19308349 0.18970126 0.18725558
 0.18410163 0.18079126 0.1839987  0.17812182 0.1770025  0.17469662
 0.17712259 0.17452122 0.1728908  0.16833499 0.16834302 0.16796084
 0.16758993 0.16526629 0.16763817 0.16360648 0.16373035 0.16134737
 0.16248931 0.16251789 0.16230279 0.15962152 0.15898652 0.1612615
 0.15915477 0.15901223 0.15646325 0.15621026 0.15427703 0.15908143
 0.15558937 0.15213658 0.15310867 0.15346216 0.15234244 0.15325749
 0.15274875 0.15177162 0.15192088 0.15916491 0.1516379  0.15129036
 0.15028921 0.15006413 0.14922336 0.14858577 0.14979626 0.14903155
 0.1488228  0.14786614 0.14843251 0.14830713 0.14603247 0.14840689
 0.14593793 0.14616688 0.14655319 0.14735602 0.14759989 0.14651833
 0.1460581  0.14634468 0.14407872 0.14673802 0.14617275 0.14595737
 0.14467283 0.14510535 0.14569232 0.14537974 0.14490245 0.14457871
 0.14565168]
Test_loss: [0.15698932]
Epochs: [  1.   2.   3.   4.   5.   6.   7.   8.   9.  10.  11.  12.  13.  14.
  15.  16.  17.  18.  19.  20.  21.  22.  23.  24.  25.  26.  27.  28.
  29.  30.  31.  32.  33.  34.  35.  36.  37.  38.  39.  40.  41.  42.
  43.  44.  45.  46.  47.  48.  49.  50.  51.  52.  53.  54.  55.  56.
  57.  58.  59.  60.  61.  62.  63.  64.  65.  66.  67.  68.  69.  70.
  71.  72.  73.  74.  75.  76.  77.  78.  79.  80.  81.  82.  83.  84.
  85.  86.  87.  88.  89.  90.  91.  92.  93.  94.  95.  96.  97.  98.
  99. 100. 101. 102. 103. 104. 105. 106. 107. 108. 109. 110. 111. 112.
 113. 114. 115. 116. 117. 118. 119. 120. 121. 122. 123. 124. 125. 126.
 127. 128. 129. 130. 131. 132. 133. 134. 135. 136. 137. 138. 139.]
Euclidean Distance: 77.38793182373047
DTW Distance: 0.10093290101742533
Pearson Correlation: 0.825059033140127
Spearman Correlation: 0.7903813683586521
MSE: 0.024645647034049034
MAE: 0.10100717842578888
RMSE: 0.15698932111263275
NRMSE: 0.09468713402748108
NMAE: 0.06092185527086258
Parameters: {'subject': [10], 'action': 'walk', 'sequence_length': 1000, 'sequence_step_size': 100, 'subset': 1, 'd_model': 144, 'input_dim': 9, 'output_dim': 1, 'nhead': 6, 'num_layers': 4, 'batch_size': 16, 'dropout': 0.1, 'num_epochs': 300, 'learning_rate': 0.001, 'ppg_scaling_factor': 100}
General: {'model_name': 'finger_single_walk_imu', 'model_type': 'encoder', 'dataset': 'Finger', 'normalization': 'subject_wise', 'imu': True, 'train': True, 'eval': True, 'use_dataloader': True, 'train_shuffling': True, 'filter': 1, 'validation_set_subjects': 3, 'test_set_subjects': 3, 'random_seed': 17}
Output: {'model_family': 'finger_encoder_point2point_imu/', 'results': '../results/', 'checkpoints': '../models/checkpoints/', 'model_summary': '../models/model_summary/'}
